pressure surface: [[0.0.][0.-0.1][0.50.1][1.0.]], suction surface: [[0.0.][0.0.1][0.50.3][1.0.]]
1.0 0.0
0.984849000153561 0.008938481849409267
0.9697010921375783 0.017574582680184074
0.9545593677825084 0.025912012688872176
0.9394269189188077 0.03395448207202105
0.9243068373769324 0.041705701026178446
0.909202214987339 0.04916937974789211
0.8941161435804841 0.056349228433709556
0.8790517149868238 0.06324895728017857
0.8640120210368145 0.0698722764838467
0.8490001535609129 0.07622289624126165
0.8340192043895748 0.08230452674897118
0.8190722653532573 0.08812087820352278
0.8041624282824161 0.09367566080146429
0.7892927850075081 0.0989725847393432
0.7744664273589894 0.10401536021370733
0.7596864471673166 0.1088076974211042
0.7449559362629459 0.11335330655808155
0.7302779864763337 0.11765589782118706
0.7156556896379365 0.12171918140696833
0.7010921375782104 0.1255468675119731
0.6865904221276122 0.12914266633274893
0.6721536351165981 0.1325102880658436
0.6577848683756246 0.1356534429078047
0.6434872137351477 0.13857584105517987
0.6292637630256241 0.14128119270451686
0.6151176080775103 0.14377320805236324
0.6010518407212622 0.1460555972952667
0.5870695527873367 0.14813207062977493
0.5731738361061901 0.1500063382524356
0.5593677825082785 0.1516821103597963
0.5456544838240585 0.1531630971484048
0.5320370318839863 0.15445300881480864
0.5185185185185186 0.15555555555555553
0.5051020355581115 0.15647444756719323
0.4917906748332216 0.15721339504626924
0.47858752817430517 0.15777610818933135
0.46549568741181846 0.15816629719292713
0.4525182443762181 0.1583876722536043
0.4396582908979603 0.15844394356791053
0.4269189188075017 0.15833882133239346
0.4143032199352983 0.15807601574360072
0.4018142861118068 0.15765923699808
0.38945520916748355 0.15709219529237897
0.3772290809327847 0.15637860082304528
0.36513899323816684 0.15552216378662662
0.35318803791408626 0.15452659437967062
0.3413793067909996 0.15339560279872497
0.3297158916993629 0.15213289924033732
0.31820088446963257 0.15074219390105525
0.3068373769322652 0.14922719697742656
0.2956284609177171 0.14759161866599885
0.2845772282564447 0.14583916916331977
0.2736867707789043 0.143973558665937
0.26296018031555224 0.14199849737039824
0.25240054869684503 0.13991769547325109
0.24201096775323896 0.1377348631710432
0.2317945293151905 0.13545371066032225
0.22175432521315602 0.13307794813763596
0.2118934472775918 0.13061128579953193
0.2022149873389543 0.1280574338425578
0.19272203722769995 0.12542010246326132
0.18341768877428508 0.12270300185819015
0.17430503380916607 0.11990984222389182
0.16538716416279933 0.11704433375691413
0.15666717166564126 0.1141101866538047
0.14814814814814817 0.11111111111111112
0.1398331854407765 0.10805081732538115
0.13172537537398268 0.10493301549316242
0.12382780977822301 0.10176141581100262
0.1161435804839539 0.09853972847544934
0.10867577932163183 0.0952716636830503
0.10142749812171302 0.09196093163035315
0.09440182871465397 0.08861124251390554
0.08760186293091099 0.0852263065302551
0.08103069260094053 0.08180983387594959
0.07469140955519898 0.07836553474753659
0.06858710562414266 0.0748971193415638
0.06272087263822802 0.07140829785457885
0.057095802427911416 0.06790278048312945
0.051714986823649216 0.0643842774237632
0.04658151765589782 0.0608564988730278
0.041698486755113645 0.057323155027470936
0.03706898595175302 0.0537879560836402
0.032696107076272365 0.05025461223808333
0.028582941959128073 0.04672683368734793
0.0247325824307765 0.0432083306279817
0.02114812032167404 0.03970281325653227
0.01783264746227709 0.03621399176954733
0.014789255683042036 0.03274557636357454
0.012021036814425243 0.02930127723516153
0.009531082686883118 0.02588480458085601
0.007322485130872033 0.022499868597205614
0.005398335976848374 0.019150179480758
0.0037617270552685314 0.01583944742806084
0.002415750196588887 0.012571382635661791
0.0013634972312658263 0.009349695300108523
0.0006080599897557351 0.0061780956179486955
0.000152530302514998 0.0030602937857299667
0.0 0.0
0.0 0.0
0.000152530302514998 -0.002939094031839671
0.0006080599897557351 -0.005698243531117728
0.0013634972312658263 -0.008281158694381835
0.002415750196588887 -0.010691549718179654
0.0037617270552685314 -0.012933126799058852
0.005398335976848374 -0.015009600133567079
0.007322485130872033 -0.016924679918252007
0.009531082686883118 -0.018682076349661295
0.012021036814425243 -0.020285499624342593
0.014789255683042036 -0.0217386599388436
0.01783264746227709 -0.023045267489711935
0.02114812032167404 -0.02420903247349529
0.0247325824307765 -0.025233665086741307
0.028582941959128073 -0.02612287552599766
0.032696107076272365 -0.026880373987812012
0.03706898595175302 -0.027509870668732006
0.041698486755113645 -0.028015075765305337
0.04658151765589782 -0.02839969947407963
0.051714986823649216 -0.028667451991602595
0.057095802427911416 -0.02882204351442185
0.06272087263822802 -0.02886718423908507
0.06858710562414266 -0.02880658436213993
0.07469140955519898 -0.02864395408013405
0.08103069260094053 -0.028383003589615166
0.08760186293091099 -0.028027443087130868
0.09440182871465397 -0.027580982769228865
0.10142749812171302 -0.027047332832456812
0.10867577932163183 -0.026430203473362328
0.1161435804839539 -0.025733304888493135
0.12382780977822301 -0.024960347274396874
0.13172537537398268 -0.02411504082762117
0.1398331854407765 -0.02320109574471374
0.14814814814814817 -0.022222222222222216
0.15666717166564126 -0.02118213045669428
0.16538716416279933 -0.020084530644677565
0.17430503380916607 -0.018933132982719758
0.18341768877428508 -0.017731647667368518
0.19272203722769995 -0.016483784895171483
0.2022149873389543 -0.015193254862676343
0.2118934472775918 -0.013863767766430758
0.22175432521315602 -0.012499033802982376
0.2317945293151905 -0.011102763168878859
0.24201096775323896 -0.0096786660606679
0.25240054869684503 -0.008230452674897127
0.26296018031555224 -0.006761833208114192
0.2736867707789043 -0.005276517856866787
0.2845772282564447 -0.003778216817702573
0.2956284609177171 -0.0022706402871692155
0.3068373769322652 -0.0007574984618143421
0.31820088446963257 0.0007574984618143563
0.3297158916993629 0.0022706402871692246
0.3413793067909996 0.003778216817702601
0.35318803791408626 0.005276517856866798
0.36513899323816684 0.006761833208114203
0.3772290809327847 0.008230452674897125
0.38945520916748355 0.009678666060667916
0.4018142861118068 0.011102763168878876
0.4143032199352983 0.01249903380298238
0.4269189188075017 0.013863767766430769
0.4396582908979603 0.015193254862676345
0.4525182443762181 0.016483784895171497
0.46549568741181846 0.017731647667368514
0.47858752817430517 0.018933132982719772
0.4917906748332216 0.02008453064467758
0.5051020355581115 0.02118213045669428
0.5185185185185186 0.02222222222222223
0.5320370318839863 0.023201095744713747
0.5456544838240585 0.024115040827621188
0.5593677825082785 0.024960347274396864
0.5731738361061901 0.02573330488849315
0.5870695527873367 0.02643020347336233
0.6010518407212622 0.0270473328324568
0.6151176080775103 0.027580982769228875
0.6292637630256241 0.028027443087130875
0.6434872137351477 0.028383003589615166
0.6577848683756246 0.028643954080134065
0.6721536351165981 0.028806584362139922
0.6865904221276122 0.028867184239085065
0.7010921375782104 0.02882204351442184
0.7156556896379365 0.02866745199160259
0.7302779864763337 0.02839969947407964
0.7449559362629459 0.028015075765305333
0.7596864471673166 0.027509870668732003
0.7744664273589894 0.02688037398781201
0.7892927850075081 0.026122875525997652
0.8041624282824161 0.0252336650867413
0.8190722653532573 0.024209032473495273
0.8340192043895748 0.02304526748971193
0.8490001535609129 0.021738659938843576
0.8640120210368145 0.02028549962434259
0.8790517149868238 0.018682076349661285
0.8941161435804841 0.016924679918251986
0.909202214987339 0.015009600133567063
0.9243068373769324 0.01293312679905882
0.9394269189188077 0.010691549718179639
0.9545593677825084 0.008281158694381828
0.9697010921375783 0.005698243531117704
0.984849000153561 0.0029390940318396574
1.0 0.0
